100
-300
-1000
-400
-400
-750
-425
-775
-1075
-800
-800
-1100
-1150
-1250
-1175
-1175
-1175
-1075
-1175
-1125
-1075
-1025
-975
-875
-975
-1050
-1100
-1150
-1100
-1150
-1200
-1150
-1200
-1300
-1350
-1400
-1450
-1400
-1400
-1450
-1375
-1325
-1375
-1425
-1425
-1475
-1525
-1425
-1225
-813
-538
-863
-788
-863
-938
-788
-863
-788
-713
-788
-713
-563
-488
-563
-488
-413
-488
-338
-638
-963
-663
-338
12
12
-388
-738
-1063
-1113
-1163
-1113
-1163
-1063
-1263
-888
-1188
-775
-500
-775
-325
25
-325
-400
-475
-550
-475
-475
-550
-550
-475
-325
-625
-950
-1250
-1300
-1350
-1250
-1050
-775
-475
575
1025
525
975
500
950
850
750
900
1000
1125
1250
1375
1375
1562
1437
1187
1187
1312
1437
1312
1187
1312
1562
1687
1562
1437
1687
1937
1437
912
812
712
912
1112
312
737
1187
1687
1137
637
1087
587
587
687
587
487
587
687
787
887
987
787
1187
1687
1687
1875
1750
1625
1750
2000
1500
950
475
50
-350
-700
-50
-50
-125
-50
-125
-200
-275
-350
-275
-125
-125
-200
-200
-350
-425
-350
-425
-313
-388
-388
-463
-463
-538
-463
-388
-463
-538
-613
-688
-538
62
862
387
1237
737
737
1187
1687
2237
2237
2387
2537
2687
2687
2837
2237
2837
1487
2012
1487
962
1062
1187
1312
1187
937
837
937
837
1237
837
362
787
937
837
937
1037
837
1637
2187
1587
2137
1537
1537
987
1700
1700
1825
1575
1700
1825
1700
1575
1325
1825
1250
725
275
-575
-463
-163
-88
-238
-238
-163
-238
-163
-163
-88
-163
-88
-13
-163
62
-88
-88
-88
62
162
62
262
262
162
62
162
62
-138
237
237
-163
-238
-388
-538
-538
-463
-538
-688
-538
-238
-613
-938
-1013
-1013
-1288
-1038
-1288
-1238
-1288
-1388
-1438
-1388
-1438
-1288
-1188
-988
-988
-388
312
-113
-488
-838
-913
-988
-875
-950
-875
-800
-875
-950
-1025
-875
-275
-275
-625
-700
-550
-850
-925
-1075
-525
-200
175
-225
-75
225
-75
-75
0
0
300
100
-300
50
-350
-700
-1025
-1300
-1350
-1400
-1300
-1100
-1300
-1350
-1250
-1450
-1200
-1200
-1475
-1225
-950
-800
-875
-950
-1100
-950
-1250
-1150
-1050
-1450
-1200
-925
-475
-363
-438
-363
-438
-513
-438
-363
-438
-513
-588
-513
-588
-663
-663
-588
-663
-588
-513
-588
-513
-663
-963
-1038
-988
-1063
-1113
-1163
-1088
-1038
-1038
-1088
-1038
-988
-913
-838
-988
-1288
-1338
-1388
-1438
-1338
-1538
-1538
-1763
-1963
-1563
-1563
-1338
-1088
-813
-1113
-838
-763
-763
-1063
-1613
-1838
-1638
-1863
-2063
-2238
-2063
-1800
-1600
-1600
-1550
-1500
-1550
-1500
-1400
-1450
-1375
-1375
-1425
-1525
-1575
-1625
-1525
-1625
-1675
-1625
-1575
-1625
-1675
-1725
-1775
-1700
-1750
-1800
-1900
-2100
-2125
-2075
-2125
-2225
-2200
-2225
-2250
-2250
-2225
-2250
-2250
-2225
-2250
-2275
-2238
-2213
-2213
-2238
-2263
-2288
-2313
-2288
-2263
-2288
-2313
-2338
-2313
-2288
-2313
-2288
-2288
-2238
-2338
-2488
-2463
-2488
-2438
-2538
-2663
-2688
-2638
-2588
-2688
-2688
-2563
-2688
-2813
-2813
-2913
-2913
-3013
-3013
-2913
-2813
-2713
-2813
-2913
-2763
-2863
-2663
-2263
-1788
-2288
-2188
-2188
-2288
-2288
-2188
-2188
-2088
-1988
-1988
-1800
-1675
-1800
-2050
-2150
-2050
-2250
-1850
-850
-1450
-1450
-625
0
-100
-25
125
125
-275
75
-325
-675
-350
0
-400
125
225
125
225
325
225
325
225
325
475
275
475
575
675
775
975
975
1450
2237
2837
2162
1562
1012
1512
412
837
737
637
537
437
337
237
137
37
-63
-138
-213
-288
-363
-438
-363
-438
-325
-250
-325
-250
-325
-250
-175
-250
-100
-175
-250
-325
-250
-100
-175
-250
-175
-175
-25
-325
375
-50
-50
-425
-500
-575
-650
-650
-950
-1250
-1525
-1750
-1525
-1188
-1463
-1713
-1663
-1613
-1613
-1563
-1613
-1513
-1563
-1513
-1513
-1463
-1513
-1563
-1513
-1563
-1613
-1513
-1563
-1513
-1413
-1463
-1563
-1513
-1363
-1563
-1563
-1563
-1788
-1388
-1438
-1538
-1488
-1538
-1488
-1488
-1538
-1488
-1538
-1488
-1438
-1488
-1413
-1513
-1563
-1663
-1613
-1663
-1613
-1538
-1488
-1488
-1338
-1238
-1288
-1288
-1338
-1388
-1313
-1363
-1313
-1363
-1313
-1263
-1263
-1313
-1363
-1363
-1263
-1213
-1163
-1213
-1163
-1113
-1163
-1263
-1263
-1013
-1288
-1038
-963
-813
-738
-738
-813
-813
-738
-663
-738
-588
-288
-588
-588
-663
-813
-813
-363
-63
-63
-438
-88
-463
-113
-488
-138
612
712
912
712
512
112
-288
-638
-963
-1263
-888
-288
-213
-63
12
-288
-288
412
-13
-388
-38
-413
-763
-1063
-1338
-1288
-1288
-1338
-1388
-1388
-1438
-1488
-1588
-1588
-1788
-1988
-2188
-2013
-2013
-1988
-1938
-1888
-1988
-1988
-1988
-2038
-1938
-2138
-1963
-2163
-2138
-2113
-2138
-2113
-2163
-2063
-2413
-2263
-2413
-2563
-2688
-2813
-2713
-2738
-2763
-2788
-2763
-2713
-2688
-2663
-2688
-2713
-2688
-2713
-2738
-2763
-2788
-2763
-2738
-2763
-2788
-2838
-2738
-2863
-2963
-2963
-3063
-2913
-3013
-2913
-2913
-2713
-2813
-3013
-2613
-3038
-3038
-3438
-3788
-2813
-2713
-2813
-2413
-2813
-3238
-2863
-3263
-3638
-3963
-3663
-3175
-2800
-2375
-1950
-1825
-1638
-1638
-1513
-1263
-1388
-1263
-1263
-1388
-1513
-1263
-1513
-1638
-1763
-1638
-1450
-1325
-1200
-1013
-1163
-975
-825
-975
-1275
-700
-700
-850
-700
-850
-700
-850
-1150
-575
-1200
-625
-1250
-1375
-1625
-875
-1475
-1600
-1850
-1975
-1975
-2100
-2300
-2300
-2400
-2600
-2700
-2500
-2100
-2575
-2675
-2575
-2575
-2675
-2775
-2875
-2875
-2775
-2875
-2975
-2875
-2975
-2875
-2775
-2875
-2775
-2675
-2675
-2575
-2675
-2775
-2575
-2475
-2275
-2375
-2475
-2375
-2275
-2375
-2575
-2575
-2675
-2775
-2975
-2575
-2975
-3375
-3025
-3025
-3125
-3200
-3088
-2975
-2775
-2975
-2575
-3000
-2600
-3025
-3025
-3025
-3425
-3575
-3650
-3575
-3650
-3575
-3725
-3800
-3875
-3950
-4025
-3875
-3875
-3950
-3875
-3950
-3875
-3800
-3875
-3950
-4100
-4375
-4125
-4400
-4650
-4425
-4050
-4650
-4700
-4650
-4700
-4650
-4700
-4650
-4700
-4800
-4850
-4900
-4850
-4900
-4850
-4950
-4900
-4800
-5000
-4800
-5025
-5225
-5050
-5250
-5425
-5575
-5450
-5475
-5450
-5413
-5413
-5363
-5338
-5338
-5388
-5350
-5325
-5300
-5250
-5200
-5225
-5200
-5150
-5113
-5088
-5113
-5088
-5113
-5138
-5188
-5088
-5088
-5263
-5263
-5288
-5313
-5288
-5338
-5363
-5313
-5213
-5038
-5238
-5063
-4863
-4813
-4913
-5013
-5213
-5038
-5038
-4838
-5038
-5238
-5413
-5563
-5413
-5438
-5438
-5463
-5488
-5463
-5425
-5375
-5425
-5388
-5413
-5388
-5413
-5463
-5488
-5513
-5475
-5450
-5425
-5375
-5338
-5363
-5363
-5388
-5363
-5338
-5300
-5275
-5250
-5200
-5300
-5475
-5475
-5450
-5475
-5500
-5525
-5550
-5500
-5450
-5475
-5500
-5525
-5475
-5450
-5375
-5425
-5400
-5425
-5375
-5675
-5650
-5675
-5700
-5750
-5850
-5850
-5875
-5875
-5850
-5825
-5850
-5900
-6000
-5975
-6000
-5975
-5950
-5913
-5863
-5888
-5888
-5863
-5838
-5813
-5788
-5813
-5788
-5813
-5838
-5813
-5788
-5788
-5763
-5713
-5913
-5813
-5688
-5563
-5713
-5588
-5613
-5638
-5663
-5688
-5663
-5663
-5688
-5713
-5663
-5663
-5688
-5738
-5713
-5663
-5638
-5688
-5638
-5638
-5638
-5663
-5638
-5688
-5788
-5663
-5538
-5538
-5513
-5463
-5413
-5363
-5413
-5413
-5388
-5338
-5363
-5338
-5413
-5438
-5400
-5425
-5400
-5425
-5450
-5425
-5400
-5425
-5375
-5375
-5400
-5425
-5425
-5450
-5425
-5450
-5500
-5400
-5175
-5350
-5650
-5525
-5675
-5800
-5613
-5613
-5563
-5538
-5563
-5538
-5563
-5563
-5513
-5563
-5663
-5613
-5638
-5663
-5625
-5650
-5625
-5650
-5700
-5675
-5650
-5625
-5575
-5475
-5575
-5700
-5725
-5725
-5700
-5675
-5625
-5725
-5850
-5950
-5950
-6050
-5950
-5800
-5763
-5788
-5813
-5763
-5763
-5738
-5713
-5738
-5713
-5663
-5688
-5713
-5738
-5713
-5663
-5688
-5713
-5738
-5763
-5763
-5788
-5763
-5788
-5763
-5763
-5738
-5763
-5713
-5713
-5613
-5488
-5638
-5513
-5363
-5513
-5363
-5513
-5363
-5338
-5300
-5350
-5350
-5325
-5350
-5325
-5325
-5350
-5400
-5375
-5375
-5350
-5300
-5275
-5275
-5250
-5275
-5325
-5175
-5275
-5450
-5600
-5625
-5650
-5675
-5675
-5650
-5625
-5650
-5675
-5700
-5725
-5750
-5750
-5725
-5700
-5650
-5650
-5625
-5600
-5625
-5650
-5600
-5575
-5600
-5625
-5550
-5500
-5500
-5475
-5500
-5475
-5450
-5475
-5425
-5450
-5400
-5200
-5375
-5525
-5675
-5488
-5188
-5013
-5213
-5263
-5213
-5138
-5188
-5213
-5138
-5113
-5138
-5188
-5213
-5238
-5288
-5313
-5338
-5413
-5313
-5313
-4963
-5163
-4988
-4988
-5188
-5013
-4813
-4763
-4813
-4813
-4863
-4963
-4863
-4563
-4188
-4738
-4288
-4013
-4313
-4588
-4538
-4588
-4688
-4588
-4388
-4588
-4588
-4813
-4588
-4363
-4613
-4163
-4213
-4163
-4113
-4163
-4063
-4163
-4363
-4613
-4838
-4538
-4038
-4038
-4338
-4338
-4288
-4338
-4438
-4238
-4038
-4238
-4188
-4188
-4138
-4088
-4138
-4038
-3963
-3963
-4038
-3925
-4000
-3925
-4000
-4075
-4125
-4075
-3975
-3875
-3800
-3725
-3800
-3875
-3725
-3800
-3725
-3725
-4025
-4325
-4575
-5025
-5075
-5100
-5050
-5000
-4900
-4800
-4700
-4400
-4650
-4875
-4675
-4875
-5075
-5050
-5000
-5050
-4950
-5050
-5000
-4800
-4900
-4950
-5000
-4950
-5000
-5050
-5100
-5063
-5013
-5063
-5013
-4963
-5013
-4813
-4813
-5038
-4838
-4638
-4588
-4538
-4588
-4638
-4588
-4638
-4588
-4538
-4438
-4638
-4638
-4588
-4638
-4688
-4638
-4688
-4613
-4663
-4563
-4613
-4663
-4613
-4663
-4563
-4513
-4463
-4513
-4563
-4513
-4613
-4413
-4663
-4888
-4688
-4688
-4463
-3963
-3363
-3288
-3213
-3138
-3063
-2913
-3213
-2463
-1563
-1563
-1013
-1613
-1088
-1213
-1338
-1213
-1025
-1175
-1300
-1050
-1300
-1175
-1050
-1050
-1350
-1225
-1350
-1475
-1600
-1350
-1225
-1350
-1475
-1350
-1475
-1600
-1225
-1475
-1350
-1225
-975
-725
-1225
-650
-650
-650
-650
-650
-800
-650
-950
-1100
-1225
-1100
-1225
-975
-1125
-1250
-1125
-1250
-1500
-1000
-400
-550
-250
-400
-250
-400
-250
-250
-400
-550
-250
-850
-250
350
350
350
550
450
350
150
-225
-225
75
-225
100
587
487
287
362
462
612
712
862
962
1162
1062
962
862
762
662
762
662
562
462
562
662
562
712
612
712
812
912
1112
1012
1212
1112
912
1062
862
662
1062
1512
1512
2012
2562
1962
1837
1712
1837
1962
1837
1712
1587
1462
1462
1587
1712
1587
1462
1337
1437
1312
1312
1412
1537
1662
1787
2037
2162
1912
1412
1162
1062
862
1662
2450
2450
3350
3350
3350
3250
3175
3100
3175
3025
2725
3050
3400
3800
3375
3275
3200
3275
3275
3350
3200
2900
2550
2850
3150
2775
2625
2475
2400
2475
2550
2700
2775
2625
2775
3225
3600
3175
3737
3312
3387
3287
3212
3287
3362
3562
3662
3762
3662
3762
3662
3762
3762
3962
3962
4262
4462
4062
3162
2787
2787
1812
1812
1587
1387
1587
1687
1637
1587
1537
1487
1437
1487
1437
1487
1537
1637
1687
1637
1587
1637
1637
1537
1587
1637
1537
1537
1737
1962
2212
2262
2362
2662
2987
3312
2987
3062
2987
2837
3137
3512
4112
3162
3087
2937
3012
3012
2862
2562
2862
3562
3562
3162
2787
2862
2712
2637
2487
2412
2262
1987
1737
1962
2462
2162
2437
3037
3387
2987
3100
3100
3025
2950
3025
2950
2875
2950
2800
3025
3325
2950
2950
2875
2725
2837
2762
2762
2687
2537
2537
2462
2387
2462
2387
2462
2537
2462
2387
2462
2387
2237
2387
2687
2687
2762
2912
2612
2937
2862
3012
2937
3087
2787
3112
3487
3087
3787
3787
4637
5162
5037
4912
4787
4662
4537
4287
4037
4487
3987
3537
3937
4387
4387
4387
4262
4162
4262
4162
4162
4362
4487
4362
4487
4362
4237
4137
4337
4137
4137
3837
3437
3837
3412
3812
3812
3387
3287
3212
3287
3137
3437
3837
3437
4237
4950
4400
4900
5450
5600
5450
5750
5600
5450
5450
5600
5300
5300
5875
5225
5350
5200
5200
5450
5950
5300
6450
6550
6450
6350
6275
6575
6875
6450
6050
5700
5700
6350
5975
5625
5550
5625
5700
5775
5700
5700
5625
5550
5475
5400
5350
5300
5250
5300
5250
5200
5250
5150
5350
5625
5625
5775
5775
5700
5550
5550
5475
5400
5450
5375
5325
5375
5425
5325
5275
5175
4975
5075
5175
5225
5325
5325
5600
5300
5025
4525
4325
4500
4700
4475
4425
4450
4450
4500
4400
4375
4350
4350
4375
4350
4325
4300
4250
4287
4262
4312
4287
4325
4300
4325
4350
4375
4350
4387
4362
4337
4312
4262
4287
4287
4262
4237
4212
4187
4162
4187
4137
4112
4087
4112
4087
4062
4012
4012
3987
3962
3937
3962
3987
3962
3937
3887
3862
3837
3862
3900
3875
3850
3825
3850
3800
3775
3750
3787
3787
3762
3800
3775
3800
3800
3825
3800
3800
3837
3862
3837
3812
3787
3737
3712
3687
3662
3687
3662
3637
3612
3562
3712
3962
3812
3687
3662
3712
3762
3662
3562
3562
3462
3562
3462
3362
3162
3237
3162
3237
3162
3087
2937
3087
3387
3612
3912
4212
4687
4562
4750
4625
4625
4875
5000
4875
5000
5125
5250
5125
5250
5125
5250
5437
5737
5587
5737
5437
4837
4312
4787
4787
4262
3787
4212
4312
4312
4412
4287
4387
4512
4387
4262
4262
5212
5787
5937
5787
5937
5787
5937
5787
6012
5862
6012
6162
6012
6162
6312
6162
6387
6487
6387
6287
6437
6337
6262
6187
6262
6337
6262
6262
6412
6562
6662
6462
6662
6812
6712
6912
6712
6712
6312
6687
5837
5912
5837
5762
5687
5800
5875
5950
5875
5575
5275
5550
5850
6000
5850
5700
5625
5475
5175
5175
5450
6050
5350
5625
5925
5850
5775
5775
5700
5625
5550
5475
5400
5250
5200
5250
5300
5200
5150
5100
5050
5000
5050
5000
5050
5150
5250
5150
4950
5450
5525
5600
5525
5525
5450
5375
5325
5375
5325
5275
5225
5175
5250
5350
5300
5250
5350
5450
5525
5450
5375
5425
5575
5500
5425
5500
5575
5650
5725
5650
5650
5350
4800
5025
4800
4750
4850
4850
4800
4700
4775
4825
4775
4675
4875
4650
5100
4850
4625
4425
4225
4250
4300
4250
4150
4150
4325
4500
4700
4700
4750
4650
4450
4450
4450
4400
4450
4400
4500
4300
4300
4125
4350
4175
4000
3850
3825
3800
3800
3825
3800
3775
3800
3850
3950
3850
3975
4100
3975
4000
3975
3975
3875
3750
3875
4000
3750
3625
3525
3625
3725
3600
3575
3525
3500
3500
3475
3450
3475
3450
3450
3425
3450
3425
3400
3350
3450
3350
3550
3450
3550
3550
3450
3350
3450
3450
3550
3450
3350
3250
3175
3250
3175
3100
2950
2950
2875
2875
3100
2950
2875
2875
3025
3100
2950
2950
3025
3100
3100
3025
2950
3100
3175
3025
3100
3025
3250
3550
3550
3450
3650
3750
3650
3450
3850
3750
3850
3850
3750
3850
3950
4050
4050
3950
4050
4150
3950
4050
3850
3750
4050
3850
3650
3550
3450
3250
2875
2950
3100
2500
2425
2500
2612
2537
2387
2462
2612
2762
2762
2437
2137
2412
2112
1837
1787
1737
1687
1637
1587
1687
1887
2137
1862
2112
2662
2337
2387
2387
2462
2537
2462
2387
2462
2612
2312
2587
2587
2887
2812
2737
2587
2662
2812
3262
3637
4062
3612
4037
3137
2762
2837
2950
2875
2987
3062
2912
2837
2912
2762
2912
3212
3587
3787
3687
3287
2912
3437
3037
3387
3787
3362
2962
2262
2537
2462
2537
2537
2687
2537
2462
2312
2587
3187
2812
2887
2962
2887
2737
2662
2512
2212
2487
2187
1912
2287
2562
2862
3212
3775
3975
3875
3975
4075
4275
4475
4675
4275
4425
4550
4800
4800
5300
5425
5275
5025
4900
5025
4900
4650
5150
5725
6350
6150
6350
6350
6250
6250
6325
6250
6175
6250
6175
6250
6175
6287
6212
6062
5987
5912
6062
5987
5912
5912
5987
6100
6250
6325
6250
6325
6625
6725
6725
6725
6825
6925
7025
7125
7225
7325
7225
7125
7225
7125
7025
7125
7275
7075
7075
6875
7275
6800
6375
5975
6325
6700
6275
6200
6050
6125
6200
6500
6350
6250
6175
6025
6025
6100
6175
6250
6175
6250
6325
6175
6100
6175
6100
6025
6100
6025
5950
6025
5950
6025
6100
6025
5950
6025
5950
5875
5725
6025
5675
5600
5525
5675
5600
5525
5600
5525
5525
5450
5525
5675
5750
5825
5750
5750
5862
5862
5937
6012
6087
6012
5937
6050
6125
6125
6050
5975
6050
5975
5675
5075
4825
4600
4937
4687
5137
4862
5112
5162
5237
5187
5137
5237
5237
5187
5137
5087
5137
5087
5137
5187
5137
5087
5137
5237
5287
5387
5237
5387
5687
6012
5662
5337
4787
4837
4887
4937
4987
4937
4937
4887
4887
4987
4937
4887
4937
4887
4937
4887
4887
4962
4912
4862
4812
4762
4662
4662
5112
5387
5687
5387
5462
5312
5587
5587
5887
5537
5237
5512
5237
4962
4712
4937
4687
4787
4737
4787
4837
4887
4987
5087
5287
5562
5862
6212
6212
5837
5950
5875
5950
5875
5875
5725
5800
5725
5650
5650
5725
5875
5875
5950
5875
5800
5875
5950
5875
5800
5725
5575
4975
4725
4500
4550
4650
4550
4350
4550
4950
4700
5037
5287
5287
5562
4962
5212
5262
5212
5262
5212
5212
5212
5262
5312
5262
5212
5262
5312
5262
5212
5162
5212
5262
5312
5262
5312
5262
5362
5562
5262
5312
5362
5262
5062
5562
5562
5262
4987
5362
5062
4812
5037
4787
4737
4787
4737
4837
4887
4937
4887
4987
5387
5687
5037
4787
5012
5062
5062
4962
4912
4812
4612
4387
4387
4587
4387
4187
4450
4250
4225
4250
4275
4250
4300
4275
4250
4275
4275
4300
4275
4325
4350
4300
4300
4300
4275
4300
4250
4150
3975
3825
4075
4225
4050
3900
3875
3925
3900
3875
3850
3825
3800
3800
3800
3775
3800
3775
3825
3800
3775
3750
3725
3750
3775
3750
3700
3600
3475
3675
3550
3450
3425
3400
3425
3450
3425
3400
3375
3325
3225
3225
3225
3150
2850
2850
3200
2825
3350
2950
3475
3125
2750
3075
3000
2925
2850
2925
3037
3112
3187
3112
3037
2962
3075
3000
2925
2850
2925
2850
2850
2850
3000
2925
3037
2962
2887
2812
2887
3037
2962
3075
3000
2925
2925
2850
2775
2850
2850
2775
2700
2625
2625
2550
2625
2550
2475
2400
2475
2400
2400
2100
1550
1550
1350
1250
1150
1125
1150
1125
1225
1325
1225
1200
1250
1225
1250
1275
1250
1250
1300
1250
1150
975
950
975
1000
975
1000
975
950
925
925
975
875
850
825
775
675
700
800
700
575
700
675
675
725
625
625
625
500
400
400
200
300
400
300
300
100
175
25
-275
75
450
1300
800
900
800
900
1100
700
1600
1075
600
1025
1500
2025
2275
2025
1525
1650
1900
1775
1650
1525
1650
1775
1650
1775
1900
2025
2025
2212
2437
2287
2137
2012
1887
2012
1887
1762
2012
1887
1887
1637
1512
1700
1950
1825
1825
1575
1700
1575
1325
1825
2650
2100
2225
2075
1775
2325
2925
2325
2925
3575
3475
3550
3700
3850
3750
3750
3650
3450
3075
3775
3375
3000
3325
3400
3325
3400
3475
3325
3775
3375
3000
2675
2375
2100
1850
2300
2250
2300
2250
2300
2250
2150
2200
2250
2300
2350
2300
2300
2375
2450
2500
2550
2500
2450
2500
2550
2500
2550
2500
2450
2500
2550
2500
2450
2450
2350
2150
1900
1675
1675
1475
1475
1300
1450
1475
1450
1425
1462
1487
1462
1437
1462
1437
1487
1687
1487
1312
1337
1287
1187
1337
1187
1162
1212
1237
1312
1212
1212
1062
937
962
937
912
887
925
900
875
900
950
925
900
875
900
925
975
925
825
700
600
500
400
475
550
550
550
450
525
425
500
600
400
25
100
212
287
287
362
287
212
287
287
137
-163
162
237
312
387
462
387
462
537
437
587
687
787
887
987
887
987
987
1087
1187
1287
1287
1387
1287
1087
687
287
212
137
212
137
212
287
362
437
362
437
587
287
362
437
437
512
612
512
662
762
662
562
662
562
562
362
287
362
287
212
137
-13
287
-463
-763
-1013
-788
-1038
-1088
-1138
-1088
-988
-988
-1038
-1088
-1138
-1088
-988
-1088
-1288
-1088
-1038
-1088
-1138
-1188
-1088
-1088
-750
-1025
-1250
-1025
-800
-1050
-1000
-950
-900
-950
-950
-750
-750
-475
-775
-1025
-800
-550
-825
-875
-925
-850
-750
-750
-750
-850
-800
-850
-650
-850
-850
-1100
-1150
-1100
-1050
-1100
-1150
-1250
-1450
-1850
-2000
-2150
-2275
-2375
-2425
-2325
-2425
-2625
-2525
-2375
-2275
-2375
-2475
-2325
-2325
-2225
-2125
-2225
-2325
-2225
-2125
-2225
-2425
-2425
-2325
-2425
-2525
-2625
-2725
-2800
-2725
-2725
-2650
-2725
-2800
-2875
-2725
-3025
-3175
-3325
-3625
-3025
-2675
-2300
-2725
-1975
-2875
-2800
-2800
-2725
-2800
-2650
-2800
-2725
-2650
-2538
-2438
-2338
-2238
-2438
-2538
-2638
-2563
-2463
-2263
-2163
-2063
-1963
-2063
-1963
-2163
-1763
-1613
-1488
-1363
-1488
-1238
-1113
-1113
-988
-863
-363
137
812
712
787
862
762
962
562
187
512
862
462
462
112
-213
-163
-13
62
137
62
137
62
-13
-88
-238
37
-263
12
-63
-63
-63
-138
-25
-100
-175
-25
87
12
125
50
125
50
125
50
125
50
125
-25
-100
-175
-250
-300
-350
-300
-400
-500
-300
250
-400
-675
-425
-150
150
475
125
-200
-100
-200
-200
-250
-300
-200
-200
-150
-300
-250
-150
50
50
125
125
200
125
50
162
87
237
162
87
12
87
12
-63
-63
-138
-213
-113
-188
-113
-263
-538
-788
-788
-563
-663
-763
-563
-763
-988
-1038
-888
-1288
-1288
-1463
-1238
-1413
-1463
-1413
-1388
-1413
-1438
-1463
-1413
-1513
-1363
-1188
-1388
-1213
-1213
-1388
-1213
-1238
-1263
-1288
-1313
-1263
-1313
-1363
-1313
-1413
-1413
-1238
-1413
-1238
-1238
-1263
-1238
-1188
-1188
-1138
-1088
-988
-1188
-1388
-1213
-1388
-1738
-1700
-1725
-1700
-1725
-1675
-1700
-1700
-1725
-1750
-1725
-1775
-1675
-1775
-1750
-1775
-1800
-1775
-1725
-1688
-1713
-1738
-1763
-1788
-1763
-1738
-1763
-1788
-1763
-1763
-1725
-1750
-1750
-1750
-1725
-1700
-1725
-1750
-1775
-1775
-1800
-1825
-1800
-1825
-1825
-1800
-1850
-1850
-1850
-1975
-2075
-1925
-1950
-2050
-1950
-2050
-2150
-2150
-2250
-2450
-2850
-2363
-1988
-2413
-2788
-2863
-2788
-2938
-3013
-2863
-3163
-3463
-3513
-3513
-3413
-3363
-3313
-3363
-3413
-3363
-3288
-3338
-3288
-3288
-3238
-3163
-3238
-3163
-3013
-2863
-3163
-3463
-3738
-3238
-3538
-3288
-3563
-3613
-3663
-3763
-3963
-3513
-3013
-2713
-2113
-1513
-1113
-1513
-1613
-1713
-1813
-1713
-1813
-1913
-2013
-2113
-2313
-2163
-2063
-1963
-1863
-1663
-2463
-2538
-2388
-2538
-1938
-2363
-1988
-2413
-2788
-3113
-2813
-2488
-2113
-2013
-2113
-2013
-1913
-1813
-1713
-1513
-1513
-1613
-1513
-1413
-1513
-1713
-1813
-1913
-1913
-2013
-2113
-2213
-2313
-2163
-2063
-2163
-2263
-2338
-2413
-2488
-2375
-2450
-2375
-2300
-2300
-2225
-2125
-2225
-2125
-2125
-2225
-2325
-2400
-2475
-2400
-2475
-2400
-2475
-2625
-2925
-3250
-3550
-3300
-3575
-3575
-3325
-3600
-3100
-3175
-3250
-3325
-3375
-3425
-3525
-3575
-3675
-3875
-4100
-3900
-3675
-3925
-3700
-3700
-3600
-3600
-3800
-3575
-3825
-4050
-4050
-4250
-3850
-3400
-3400
-3350
-3400
-3450
-3400
-3450
-3500
-3550
-3500
-3450
-3450
-3500
-3550
-3600
-3550
-3500
-3400
-3100
-3300
-3400
-3500
-3700
-4200
-3800
-4025
-4225
-4175
-4225
-4125
-3925
-4150
-3850
-4050
-4050
-3750
-3500
-3775
-3825
-3875
-3825
-3775
-3825
-3875
-3975
-3875
-3675
-3475
-3675
-3725
-3725
-3775
-3725
-3825
-3775
-3825
-3875
-3925
-3975
-4025
-4125
-3725
-3975
-3750
-3750
-3500
-3400
-3325
-3375
-3425
-3425
-3475
-3375
-3375
-3475
-3675
-3925
-4150
-4150
-4200
-4250
-4200
-4125
-4175
-4225
-4175
-4075
-4125
-3925
-4125
-4325
-4150
-4200
-4150
-4100
-4100
-4150
-4075
-4125
-4175
-4275
-4450
-4450
-4450
-4625
-4588
-4613
-4575
-4550
-4575
-4600
-4625
-4588
-4588
-4613
-4563
-4563
-4588
-4638
-4588
-4613
-4613
-4588
-4538
-4563
-4613
-4588
-4688
-4788
-4663
-4638
-4600
-4575
-4575
-4625
-4650
-4625
-4650
-4675
-4650
-4625
-4650
-4550
-4525
-4550
-4525
-4550
-4525
-4500
-4475
-4450
-4400
-4375
-4325
-4350
-4300
-4263
-4238
-4188
-4238
-4288
-4313
-4338
-4313
-4288
-4288
-4263
-4288
-4313
-4263
-4238
-4288
-4313
-4263
-4263
-4238
-4138
-4138
-4138
-4238
-4138
-4188
-4238
-4288
-4313
-4338
-4363
-4338
-4338
-4338
-4288
-4238
-4338
-4163
-3963
-3913
-3963
-4013
-4063
-4163
-4213
-4263
-4288
-4288
-4313
-4338
-4313
-4338
-4313
-4313
-4275
-4250
-4200
-4150
-4200
-4400
-4050
-4250
-4300
-4400
-4575
-4725
-4700
-4725
-4675
-4700
-4700
-4675
-4700
-4675
-4700
-4725
-4700
-4650
-4625
-4600
-4550
-4525
-4575
-4550
-4575
-4550
-4575
-4550
-4575
-4600
-4575
-4525
-4575
-4675
-4525
-4675
-4825
-4700
-4550
-4400
-4225
-4425
-4475
-4500
-4525
-4575
-4675
-4825
-4950
-4825
-4950
-5075
-5175
-5275
-5175
-5275
-5175
-5075
-5075
-4975
-4875
-4775
-4675
-4575
-4675
-4575
-4375
-4575
-4375
-3975
-3450
-3975
-3188
-2663
-2138
-2038
-2138
-2238
-2313
-2163
-2463
-2463
-2813
-3138
-3138
-3138
-2538
-3238
-3288
-3338
-3288
-3338
-3263
-3213
-3263
-3188
-3138
-3063
-2988
-3138
-3063
-2988
-2875
-2950
-2875
-3100
-3025
-3025
-3100
-3175
-3225
-3275
-3225
-3175
-3225
-3275
-3375
-3175
-2975
-2775
-2375
-2750
-2100
-2500
-2575
-2425
-2500
-2425
-2500
-2500
-2425
-2313
-2238
-2088
-2188
-1988
-1988
-1888
-1988
-2088
-1988
-2188
-2388
-2763
-2763
-3063
-3363
-3638
-3388
-3113
-3413
-3663
-3613
-3663
-3713
-3763
-3663
-3613
-3563
-3513
-3563
-3613
-3563
-3363
-3413
-3463
-3513
-3563
-3613
-3663
-3713
-3763
-3863
-3813
-3863
-3913
-3838
-3788
-3738
-3838
-3738
-3838
-3788
-3838
-3738
-4138
-3938
-3938
-4338
-4163
-4188
-4213
-4263
-4238
-4288
-4263
-4238
-4263
-4238
-4188
-4213
-4213
-4238
-4288
-4263
-4238
-4238
-4238
-4213
-4238
-4213
-4188
-4213
-4163
-4113
-4163
-4188
-4213
-4238
-4200
-4225
-4250
-4250
-4275
-4325
-4300
-4250
-4200
-4175
-4200
-4225
-4250
-4275
-4300
-4275
-4250
-4275
-4250
-4250
-4200
-4225
-4188
-4213
-4213
-4188
-4163
-4113
-4163
-4138
-4188
-4088
-4288
-4463
-4488
-4438
-4463
-4463
-4463
-4413
-4438
-4488
-4588
-4588
-4363
-4538
-4688
-4663
-4688
-4713
-4738
-4763
-4863
-4888
-4938
-5038
-5138
-5038
-5138
-5338
-4588
-5038
-4238
-3288
-3288
-3863
-4388
-4863
-4438
-4238
-4038
-3238
-2838
-2838
-2213
-1538
-1388
-1488
-1388
-1588
-1213
-1213
-788
-363
-863
-1313
-1713
-1338
-1738
-1663
-1738
-1813
-1738
-1663
-1738
-1663
-1550
-1700
-1775
-1625
-1550
-1625
-1700
-1775
-1850
-1775
-1663
-1738
-1663
-1813
-2413
-1963
-2313
-1863
-2213
-2138
-1988
-1988
-2063
-1913
-1613
-1988
-1288
-1713
-2088
-2413
-2713
-2988
-2938
-2988
-3038
-3088
-3038
-3088
-3038
-2988
-3038
-3088
-3038
-2988
-2938
-2988
-3038
-3088
-3038
-2938
-2888
-2788
-2738
-2888
-2988
-3188
-3138
-3188
-3438
-3388
-3338
-3288
-3288
-3188
-3188
-3238
-3338
-3288
-3238
-3288
-3288
-3238
-3188
-3238
-3138
-3188
-3238
-3138
-3238
-3038
-2988
-2938
-2988
-2988
-3038
-3088
-3188
-2988
-3238
-3463
-3163
-2938
-3188
-2963
-3013
-3113
-2913
-2663
-3213
-3438
-3638
-3813
-3963
-4113
-3988
-4138
-4113
-4138
-4088
-4113
-4088
-4113
-4088
-4113
-4088
-4063
-4038
-3963
-3988
-3963
-3938
-3988
-3963
-3938
-3913
-3963
-3988
-4038
-4138
-3950
-3950
-4250
-4000
-3950
-3975
-4025
-4125
-4250
-4125
-4000
-4150
-4025
-3875
-3575
-3225
-3325
-3425
-3625
-3600
-3563
-3588
-3638
-3738
-3738
-3688
-3588
-3588
-3763
-3788
-3763
-3763
-3738
-3713
-3738
-3788
-3750
-3725
-3650
-3550
-3900
-3875
-3825
-3875
-3900
-3800
-3900
-3700
-3875
-3850
-3825
-3788
-3763
-3788
-3763
-3763
-3788
-3738
-3688
-3638
-3688
-3713
-3763
-3613
-3438
-3613
-3588
-3613
-3588
-3538
-3638
-3613
-3588
-3613
-3613
-3588
-3613
-3588
-3563
-3525
-3525
-3575
-3550
-3500
-3550
-3575
-3575
-3600
-3625
-3650
-3625
-3575
-3475
-3275
-3325
-3275
-3275
-3325
-3375
-3475
-3425
-3375
-3425
-3375
-3225
-3425
-3625
-3600
-3625
-3600
-3650
-3750
-3575
-3750
-3575
-3225
-3000
-2750
-3025
-3075
-3125
-3175
-3075
-3125
-3025
-2825
-2625
-2900
-2525
-2275
-2600
-2650
-2550
-2600
-2650
-2600
-2600
-2650
-2600
-2650
-2600
-2650
-2650
-2450
-2525
-2450
-2525
-2375
-2375
-2300
-2225
-2150
-2225
-2150
-2225
-2150
-2150
-2150
-2300
-2150
-2450
-2750
-2475
-2175
-1525
-1925
-1575
-1200
-1100
-1000
-1100
-1000
-900
-700
-500
-375
-500
-375
-375
-500
-375
-500
-250
-250
-375
-625
-150
375
375
950
1575
1675
1575
1675
1675
1775
1875
1975
2075
2275
2475
2875
3275
3150
3275
3400
3275
3150
3025
2900
3025
2900
3025
2900
2650
2775
2900
2650
1650
1250
900
575
275
525
525
800
500
450
500
450
500
450
400
350
400
350
350
250
150
50
0
-50
0
-100
0
-200
-400
-400
-200
0
-225
-225
-425
-475
-450
-425
-375
-425
-475
-500
-525
-550
-575
-525
-550
-525
-525
-500
-525
-500
-525
-500
-463
-425
-375
-325
-225
-25
-250
-175
-75
-125
-175
-225
-275
-225
-275
-325
-375
-325
-375
-425
-475
-450
-475
-500
-450
-475
-500
-525
-500
-525
-500
-525
-525
-488
-513
-463
-463
-488
-538
-563
-563
-463
-663
-663
-663
-838
-813
-838
-863
-825
-850
-875
-850
-850
-825
-800
-825
-825
-850
-850
-900
-925
-900
-925
-950
-925
-925
-925
-950
-975
-925
-925
-775
-775
-750
-750
-775
-750
-775
-775
-800
-725
-775
-675
-500
-150
-150
-100
-200
-250
-150
50
-175
275
25
362
637
337
287
237
187
137
37
-13
-63
-163
-113
-13
-63
-113
-163
-63
337
137
387
112
112
362
87
-163
62
-163
-388
-488
-463
-438
-488
-388
-588
-763
-763
-913
-763
-613
-438
-413
-463
-438
-338
-338
-438
-463
-513
-488
-463
-425
-475
-450
-400
-450
-475
-450
-475
-438
-463
-463
-438
-463
-488
-513
-563
-638
-663
-638
-663
-638
-588
-688
-838
-838
-800
-775
-750
-775
-700
-650
-750
-750
-450
-275
-475
-500
-550
-513
-538
-488
-513
-488
-488
-513
-538
-563
-613
-513
-338
-538
-713
-1013
-888
-863
-838
-863
-888
-913
-938
-938
-963
-988
-1013
-1038
-1038
-1013
-988
-1038
-988
-1038
-1013
-1063
-988
-1038
-1063
-1113
-1013
-1138
-1163
-1188
-1238
-1138
-1263
-1163
-1288
-1188
-1288
-1388
-1288
-1188
-1288
-1388
-1388
-1413
-1438
-1338
-1438
-1538
-1688
-1613
-1463
-1388
-1588
-1475
-1400
-1400
-1300
-1200
-1000
-1200
-1300
-1500
-1875
-1875
-2225
-2525
-2475
-2375
-2300
-2225
-2150
-2225
-2150
-2075
-2075
-2000
-2075
-2225
-2300
-2150
-2150
-2300
-2300
-2300
-2375
-2525
-2575
-2625
-2525
-2725
-2475
-2750
-2750
-3000
-2775
-2825
-2875
-2925
-2875
-2775
-2575
-2850
-2850
-3100
-3325
-3725
-3725
-3575
-3550
-3575
-3600
-3600
-3650
-3750
-3900
-3600
-3425
-3425
-3225
-3425
-3625
-3600
-3625
-3650
-3675
-3625
-3675
-3700
-3700
-3725
-3700
-3725
-3688
-3638
-3688
-3738
-3638
-3638
-3613
-3563
-3538
-3513
-3538
-3538
-3563
-3588
-3613
-3638
-3613
-3638
-3663
-3638
-3613
-3638
-3663
-3638
-3600
-3625
-3588
-3613
-3613
-3638
-3663
-3688
-3638
-3638
-3663
-3638
-3613
-3613
-3638
-3588
-3688
-3713
-3713
-3738
-3688
-3588
-3763
-3913
-3763
-3613
-3438
-3838
-3688
-3513
-3538
-3563
-3588
-3563
-3613
-3713
-3813
-3963
-3963
-4088
-3963
-3838
-3963
-3988
-3963
-3925
-3900
-3850
-3825
-3850
-3825
-3850
-3800
-3800
-3850
-3950
-3925
-3950
-3925
-3950
-3900
-3875
-3900
-3875
-3850
-3825
-3825
-3850
-3825
-3775
-3825
-3825
-3675
-3850
-3850
-4000
-4000
-3750
-3900
-4200
-4300
-4200
-4175
-4200
-4250
-4350
-4450
-4550
-4475
-4550
-4625
-4550
-4700
-4775
-4925
-4775
-4850
-4775
-4775
-4625
-4550
-4625
-4700
-4625
-4700
-4775
-4850
-5150
-5450
-5150
-4500
-4875
-5225
-5525
-5575
-5625
-5575
-5575
-5675
-5875
-5500
-5225
-4625
-4625
-5000
-5325
-4725
-4650
-4725
-4800
-4725
-4875
-4875
-4950
-4950
-5025
-5175
-4875
-4525
-4600
-4600
-4600
-4675
-4600
-4675
-4750
-4825
-4900
-4975
-4863
-4788
-4938
-5013
-4938
-4788
-5088
-5413
-5113
-4788
-5138
-5463
-5463
-5188
-5513
-5788
-5738
-5788
-5888
-5888
-5638
-5363
-5638
-5688
-5638
-5638
-5688
-5688
-5588
-5538
-5588
-5538
-5588
-5688
-5588
-5538
-5463
-5413
-5263
-5263
-5413
-5563
-5663
-5713
-5663
-5663
-5613
-5713
-5913
-6163
-6113
-6163
-6113
-6063
-6113
-6163
-6088
-6088
-6038
-6138
-6088
-6038
-6088
-6038
-6088
-6088
-6013
-6063
-6113
-6163
-6113
-6013
-5913
-5763
-5663
-5863
-6113
-5888
-6138
-6363
-6763
-6763
-6713
-6813
-6963
-6775
-6625
-6625
-6275
-6075
-5850
-5600
-5875
-6125
-6175
-6100
-6150
-6200
-6150
-6200
-6150
-6200
-6250
-6300
-6300
-6250
-6150
-6100
-6200
-6250
-6050
-6100
-6150
-6150
-6050
-6100
-6150
-6100
-6025
-5950
-6000
-6050
-5950
-6150
-6375
-6425
-6475
-6450
-6500
-6600
-6425
-6125
-6350
-6400
-6350
-6300
-6300
-6250
-6200
-6100
-6150
-6200
-6300
-6250
-6350
-6400
-6450
-6500
-6475
-6500
-6525
-6550
-6575
-6600
-6650
-6750
-6900
-6750
-6900
-6900
-6950
-6975
-7000
-6975
-6950
-6975
-6950
-6950
-6925
-6900
-6950
-6950
-6925
-6975
-7075
-7100
-7125
-7150
-7200
-7150
-7250
-7350
-7450
-7350
-7450
-7350
-7250
-7450
-7050
-6625
-6150
-5625
-6200
-5675
-5100
-5725
-5600
-5850
-5975
-5850
-5975
-6100
-5975
-5850
-5725
-5975
-6475
-6575
-6375
-6500
-6600
-6700
-6800
-6700
-6900
-6800
-6900
-6800
-6900
-7000
-7100
-7200
-7200
-7300
-7100
-7500
-7425
-7525
-7375
-7275
-7375
-7575
-7650
-7725
-7800
-7688
-7613
-7688
-7763
-7838
-7913
-7988
-8063
-7988
-7913
-7838
-7988
-7988
-7338
-7138
-7238
-7038
-7138
-7038
-7238
-7238
-7138
-7138
-7538
-7913
-8263
-8263
-8338
-8338
-8188
-8263
-8038
-8188
-8038
-7963
-8038
-8113
-8188
-8263
-8338
-8038
-7738
-8088
-8413
-8113
-8438
-8738
-8238
-8538
-8263
-8338
-8413
-8338
-8413
-8338
-8263
-8263
-8188
-8188
-8113
-8038
-8113
-8188
-8113
-8038
-7888
-7888
-8038
-7813
-7513
-7888
-8238
-8238
-7638
-7338
-7938
-7788
-7863
-7788
-7638
-7338
-7488
-7563
-7713
-7863
-8163
-8488
-8213
-8288
-8363
-8288
-8363
-8213
-8138
-8063
-8138
-8063
-7988
-7913
-8063
-8138
-8063
-7988
-7838
-7538
-6938
-6488
-6038
-5588
-6038
-6038
-6163
-6038
-6163
-6413
-6163
-5663
-6238
-6738
-6838
-6938
-6738
-6738
-6838
-6838
-6738
-6838
-6938
-6838
-6638
-6738
-6838
-6738
-6588
-6488
-6388
-6513
-6613
-6713
-6613
-6813
-7213
-6813
-6363
-5363
-4163
-4063
-4263
-4463
-4538
-4613
-4613
-4538
-4613
-4688
-4838
-4913
-4988
-4913
-4838
-4763
-4838
-4913
-4838
-4913
-4838
-4988
-4988
-4838
-5138
-5438
-5388
-5338
-5388
-5488
-5688
-5463
-4963
-4513
-5213
-5213
-5488
-5738
-5513
-5563
-5463
-5513
-5563
-5613
-5713
-5513
-5763
-5763
-5988
-5913
-5863
-5863
-5813
-5863
-5913
-5863
-5913
-5863
-5813
-5813
-5613
-5863
-5525
-5300
-5225
-5175
-5125
-5013
-4938
-5013
-5088
-5013
-5088
-5163
-5238
-5288
-5338
-5388
-5438
-5488
-5388
-5588
-5838
-5388
-5113
-5413
-5000
-4400
-4025
-4425
-4500
-4575
-4425
-4425
-4775
-4450
-4775
-4700
-4775
-4850
-4700
-4700
-4775
-4925
-5000
-5150
-5225
-5175
-5225
-5275
-5175
-5125
-5200
-5250
-5200
-5150
-5075
-5000
-5075
-5000
-5000
-4925
-4850
-4925
-4850
-4775
-4775
-4625
-4550
-4550
-4475
-4363
-4663
-4588
-4438
-4738
-4250
-4625
-4975
-4375
-4300
-4375
-4300
-4450
-4750
-4100
-3700
-4125
-4525
-4175
-4550
-4200
-3825
-3725
-3525
-3325
-3125
-3325
-3325
-3225
-3025
-3025
-2900
-2650
-3150
-3025
-3025
-3150
-3275
-3375
-3275
-3175
-3025
-3150
-3025
-3150
-3275
-3275
-3375
-3275
-3375
-3225
-3125
-3000
-3125
-3375
-3475
-3375
-3375
-3275
-3375
-3175
-3025
-3150
-3025
-3275
-3525
-3975
-4375
-4000
-4400
-3650
-3200
-3675
-3575
-3675
-3575
-3475
-3575
-3675
-3775
-3975
-4075
-4175
-4250
-4400
-4100
-4200
-4600
-4950
-4950
-5250
-4700
-5025
-4950
-5025
-5175
-4950
-5100
-5175
-5225
-5275
-5225
-5275
-5225
-5275
-5325
-5375
-5425
-5475
-5525
-5575
-5675
-5625
-5675
-5625
-5550
-5500
-5400
-5350
-5250
-5050
-5350
-5350
-5400
-5350
-5450
-5500
-5450
-5500
-5550
-5600
-5600
-5650
-5550
-5350
-5150
-5350
-5400
-5500
-5550
-5750
-5950
-5950
-5900
-5950
-5875
-5925
-5825
-5875
-5875
-5575
-5575
-5500
-5550
-5500
-5550
-5450
-5350
-5250
-5350
-5400
-5450
-5400
-5450
-5500
-5400
-5450
-5350
-5400
-5350
-5400
-5250
-5050
-4850
-5050
-4975
-4900
-4975
-5050
-5125
-5050
-4900
-5050
-5125
-5275
-5325
-5275
-5075
-5275
-5825
-6050
-6100
-6050
-5950
-5900
-5800
-5600
-5800
-5750
-5750
-5750
-5700
-5650
-5700
-5750
-5750
-5800
-5750
-5800
-5750
-5800
-5800
-5800
-6025
-5625
-5675
-5725
-5625
-5575
-5525
-5475
-5375
-5275
-5375
-5425
-5350
-5250
-5150
-5225
-5175
-5125
-5050
-4900
-4825
-4900
-4825
-4900
-4975
-4900
-4825
-4825
-4750
-4825
-4975
-5275
-4725
-4400
-4025
-3425
-3425
-3875
-3450
-3550
-3450
-3350
-3350
-3450
-3350
-3450
-3350
-3450
-3550
-3450
-3350
-3250
-3150
-3275
-3375
-3225
-3125
-3250
-3150
-3275
-3375
-3275
-3175
-3075
-2950
-2950
-2825
-2700
-2700
-2825
-2700
-2950
-3075
-3200
-3300
-3500
-3400
-3300
-3200
-3400
-3800
-2950
-3450
-2775
-1725
-1100
-1200
-1050
-1150
-1075
-1275
-1350
-1200
-1500
-1850
-1200
-1200
-1575
-2275
-2275
-2325
-2375
-2325
-2375
-2475
-2675
-2900
-2700
-2925
-2725
-2950
-2950
-3000
-3000
-2950
-2900
-2850
-2900
-2950
-3000
-2900
-3100
-2900
-3100
-2700
-2750
-2800
-2750
-2750
-2800
-2850
-2900
-2800
-2900
-2900
-2900
-2900
-2850
-2750
-2700
-2700
-2500
-3000
-3200
-3025
-3225
-3050
-2850
-3075
-3125
-3125
-3150
-3175
-3150
-3125
-3088
-3038
-3088
-3138
-3138
-3113
-3213
-3238
-3263
-3213
-3213
-3188
-3163
-3188
-3213
-3175
-3200
-3225
-3200
-3225
-3200
-3225
-3200
-3225
-3200
-3225
-3250
-3275
-3300
-3275
-3250
-3225
-3200
-3225
-3250
-3200
-3200
-3175
-3125
-3150
-3200
-3175
-3200
-3200
-3175
-3150
-3150
-3113
-3088
-3138
-3163
-3188
-3150
-3150
-3175
-3125
-3150
-3175
-3200
-3200
-3250
-3150
-3050
-2950
-3050
-3250
-3075
-2875
-2675
-2338
-2613
-2563
-2513
-2563
-2663
-2863
-3063
-3263
-3088
-2888
-3088
-3288
-3025
-2725
-2500
-2400
-2450
-2350
-2550
-2300
-2575
-2825
-2825
-2875
-2925
-2825
-2775
-2825
-2875
-2925
-2975
-2875
-2775
-2875
-2925
-2975
-3075
-3275
-3450
-3150
-3175
-3200
-3175
-3150
-3175
-3200
-3150
-3175
-3225
-3225
-3225
-3250
-3300
-3275
-3225
-3225
-3175
-3225
-3125
-2775
-3000
-3200
-3200
-3025
-3200
-3175
-3200
-3225
-3250
-3275
-3250
-3225
-3175
-3200
-3225
-3225
-3250
-3275
-3300
-3275
-3300
-3325
-3300
-3275
-3250
-3275
-3300
-3275
-3325
-3375
-3400
-3425
-3400
-3500
-3600
-3600
-3575
-3600
-3625
-3725
-3725
-3538
-3688
-3688
-3663
-3688
-3713
-3738
-3763
-3738
-3763
-3738
-3713
-3713
-3713
-3613
-3588
-3638
-3588
-3688
-3813
-3688
-3813
-3888
-3913
-3963
-4063
-4163
-3863
-3763
-3863
-3763
-3863
-3963
-4063
-4063
-4163
-4263
-4188
-4038
-4138
-4238
-4313
-4313
-4313
-4388
-4463
-4538
-4613
-4538
-4613
-4763
-4838
-4913
-4838
-4538
-4238
-3863
-3488
-3938
-3538
-3088
-3588
-4038
-4438
-4088
-3988
-4088
-4288
-4213
-4138
-4288
-3988
-3988
-3388
-3788
-3688
-3788
-3688
-3788
-3888
-3788
-3888
-3988
-4088
-3888
-3788
-3888
-3788
-3888
-3788
-3588
-3788
-3688
-3588
-3488
-3388
-3288
-3488
-3388
-3188
-3588
-2913
-3438
-3538
-3438
-3288
-3188
-3388
-2988
-3488
-3938
-4338
-4713
-5038
-4738
-4250
-3875
-3975
-4075
-3975
-4075
-3875
-4275
-4650
-4125
-3775
-3425
-3075
-3075
-2888
-2763
-2888
-3013
-3138
-3013
-2888
-2763
-2763
-2888
-3138
-2638
-3188
-2713
-2838
-2713
-2838
-3088
-3213
-2963
-2713
-2963
-3088
-2963
-2963
-3213
-2713
-2838
-2963
-3088
-2963
-3088
-2588
-2588
-2588
-2038
-2638
-3188
-3663
-3763
-3863
-3963
-4163
-3363
-3838
-3838
-3413
-2938
-2438
-3538
-3988
-4088
-3988
-3788
-3688
-3588
-3688
-3588
-3488
-3288
-3388
-3488
-3588
-3688
-3588
-3488
-3588
-3488
-3588
-3688
-3788
-3688
-3788
-3988
-4388
-4313
-4238
-4313
-4388
-4313
-4388
-4238
-4238
-4163
-4163
-4463
-4813
-4888
-4963
-5038
-4963
-5038
-4888
-4588
-4588
-4513
-4588
-4663
-4738
-4588
-4663
-4738
-4813
-4888
-4813
-4813
-4888
-4888
-4588
-4238
-4613
-4263
-4188
-4263
-4150
-4150
-4250
-4325
-4325
-4400
-4250
-4325
-4325
-4400
-4475
-4625
-4700
-4625
-4700
-4625
-4475
-4400
-4325
-4400
-4475
-4550
-4625
-4550
-4400
-4325
-4400
-4325
-4213
-4288
-4438
-4138
-3838
-4263
-4638
-4288
-4663
-4738
-4588
-4663
-4513
-4363
-4663
-4813
-4663
-4813
-4738
-4813
-4963
-4813
-4738
-4663
-4550
-4475
-4475
-4550
-4625
-4700
-4475
-4175
-3800
-3800
-3700
-3800
-3650
-3750
-3950
-3550
-4000
-4400
-4325
-4175
-3575
-3575
-3375
-3475
-3675
-3775
-3875
-3725
-3825
-3925
-3825
-3925
-4125
-4025
-4125
-3925
-3525
-3425
-3275
-3125
-3250
-3250
-3150
-2900
-3150
-2900
-3400
-3400
-3400
-3300
-3200
-3100
-3300
-2900
-3425
-2975
-2225
-2800
-2925
-2550
-2300
-2800
-2550
-2425
-2238
-2113
-1863
-1363
-2038
-2638
-1538
-2188
-1613
-2263
-2838
-2713
-2838
-2963
-3088
-3213
-3213
-3113
-2913
-2513
-1963
-2563
-2013
-2313
-2013
-2613
-3163
-3163
-2413
-1838
-2463
-3013
-3013
-2513
-2513
-3613
-3413
-3513
-3713
-3563
-3463
-3563
-3463
-3263
-3363
-3263
-3363
-3563
-3463
-3363
-3463
-3363
-3263
-3363
-3463
-3363
-3263
-2963
-2763
-2363
-2563
-2688
-2438
-2688
-2938
-2750
-2625
-2500
-2375
-2375
-2375
-2375
-2250
-2000
-2150
-1925
-1775
-1625
-1475
-875
-975
-1050
-1200
-1800
-2100
-2375
-2625
-2400
-2175
-1800
-1800
-2400
-2500
-2425
-2325
-2375
-2325
-2425
-2525
-2325
-2325
-2075
-2350
-2600
-2550
-2600
-2600
-2650
-2750
-2800
-2750
-2650
-2450
-2450
-2675
-2875
-3075
-3250
-3250
-3275
-3275
-3250
-3225
-3188
-3213
-3238
-3288
-3238
-3213
-3188
-3163
-3113
-3138
-3113
-3088
-3050
-3075
-3100
-3075
-3100
-3150
-3125
-3100
-3150
-3175
-3125
-3075
-3175
-3025
-3025
-3000
-2975
-2950
-2925
-2900
-2900
-2925
-2900
-2875
-2825
-2875
-2825
-2875
-2975
-3075
-3250
-2800
-2400
-2350
-2400
-2325
-2475
-2525
-2475
-2425
-2475
-2675
-2675
-2875
-2825
-2825
-2775
-2725
-2775
-2725
-2775
-2825
-2875
-2825
-2775
-2825
-2925
-2725
-2625
-2675
-2725
-2675
-2600
-2500
-2550
-2600
-2650
-2700
-2700
-2650
-2600
-2650
-2600
-2600
-2600
-2400
-2625
-2400
-2625
-2550
-2600
-2650
-2600
-2650
-2600
-2650
-2700
-2750
-2700
-2750
-2800
-2850
-2900
-2925
-2950
-2975
-3000
-3050
-3025
-3000
-2975
-2950
-2913
-2938
-2963
-2988
-3013
-3038
-2988
-2950
-2913
-2888
-2863
-2913
-2963
-2913
-2763
-3163
-3313
-3163
-3013
-3188
-3038
-3213
-3063
-3038
-3063
-3038
-3038
-3013
-2988
-3013
-3038
-3013
-2988
-3013
-2988
-3013
-2975
-3000
-2975
-3000
-3050
-3013
-3038
-3013
-2963
-3063
-2888
-2538
-1638
-1713
-1788
-1863
-2013
-1463
-1788
-1488
-1813
-1363
-913
-1213
-1563
-1888
-1613
-1500
-1575
-1650
-1575
-1650
-1950
-1675
-1375
-1725
-2025
-2300
-2550
-2213
-2463
-2513
-2463
-2413
-2513
-2463
-2513
-2563
-2513
-2613
-2513
-2713
-2913
-3088
-3113
-3088
-3138
-3038
-3213
-3363
-3513
-3388
-3263
-3413
-3225
-3000
-3175
-3150
-3175
-3125
-3175
-3375
-3225
-3075
-2900
-2725
-2925
-2750
-2550
-2450
-2400
-2400
-2450
-2500
-2450
-2500
-2550
-2500
-2550
-2650
-2575
-2525
-2475
-2525
-2575
-2475
-2675
-2475
-2075
-1875
-2075
-2175
-2225
-2075
-2025
-2025
-2075
-1975
-2025
-2075
-1975
-2075
-1875
-2175
-2125
-2050
-2000
-2050
-2100
-2025
-1975
-2025
-2075
-2025
-2025
-2075
-2125
-2075
-2125
-2075
-2025
-2075
-2125
-2075
-2125
-2225
-2025
-1475
-1150
-800
-450
400
-125
-25
-125
25
-75
125
-275
-725
-1125
-1500
-1500
-1825
-2425
-2425
-2650
-2700
-2800
-2900
-2725
-2925
-2575
-2800
-2700
-2800
-2800
-2600
-2263
-2013
-2063
-1988
-1888
-1788
-1863
-2013
-1963
-1913
-1813
-1738
-1663
-1738
-1663
-1738
-1813
-1738
-1738
-1813
-1738
-1663
-1513
-1438
-1513
-1588
-1663
-1588
-1475
-1400
-1550
-1625
-1550
-1400
-1250
-1325
-1400
-1400
-1475
-1550
-1475
-1400
-1400
-1100
-1400
-1075
-700
-1100
-350
-350
-350
-250
-150
-250
-50
-150
-250
-450
-650
-50
-525
325
-175
-625
-200
250
375
250
125
250
500
250
-750
-350
100
-375
75
-400
25
125
312
187
187
-313
-313
-763
-363
87
537
987
537
12
-88
-188
-88
12
162
37
-63
-163
-263
-463
137
-363
-363
-213
-413
-313
-213
-113
-213
-313
-213
-213
-113
-213
-313
-213
-413
-813
-1213
-863
-463
-888
-1263
-913
-1288
-763
-1163
-813
-1213
-1288
-1138
-1288
-1213
-1063
-913
-1063
-763
-163
287
737
1187
737
612
487
612
487
362
237
425
550
425
175
-75
400
875
1000
875
750
625
812
687
562
437
562
437
562
750
625
750
625
750
1000
1125
975
850
975
1225
925
625
500
625
500
750
875
625
500
750
750
875
1000
1125
1275
1425
1725
1575
1575
975
1837
1837
1687
1837
1687
1387
787
237
737
-263
-363
-263
-363
-463
-863
-263
-713
-313
137
-363
-813
-1213
-863
-713
-813
-913
-988
-875
-975
-1050
-938
-825
-925
-775
-875
-875
-725
-825
-925
-850
-750
-650
-750
-850
-850
-750
-850
-750
-650
-550
-650
-750
-750
-750
-850
-750
-600
-700
-800
-900
-1100
-725
-325
-225
-325
-425
-325
-125
-25
-125
-225
-125
-225
-25
-425
-525
-725
-725
-925
-1000
-1075
-925
-775
-925
-1000
-1150
-1300
-1150
-1300
-1450
-1750
-2050
-2600
-2263
-2013
-2288
-2038
-2313
-2563
-2338
-2388
-2288
-2388
-2313
-2263
-2263
-2263
-2213
-2313
-2263
-2163
-2363
-2113
-2163
-2113
-2063
-1988
-1913
-1863
-1713
-1638
-1563
-1638
-1525
-1450
-1525
-1600
-1675
-1675
-1750
-1600
-1300
-1650
-1350
-900
-1200
-1275
-1350
-1425
-1500
-1425
-1350
-1425
-1275
-1125
-1275
-1050
-1125
-1050
-975
-1275
-1575
-1650
-1500
-1425
-1350
-1425
-1350
-1425
-1275
-1350
-1275
-1350
-1275
-1350
-1425
-1500
-1575
-1575
-1650
-1538
-1613
-1613
-1688
-1613
-1463
-1538
-1613
-1688
-1763
-1688
-1613
-1463
-1238
-1088
-938
-638
-1038
-663
-1063
-1438
-1513
-1438
-1363
-1438
-1363
-1213
-1288
-1138
-838
-1238
-888
-513
-413
-513
-313
-213
-13
-213
187
-313
137
-363
87
-388
-488
-288
-388
-588
-188
-638
-1438
-950
-388
-813
-413
-838
-438
-538
-438
-538
-338
62
-338
-338
112
587
62
-413
-838
-1238
-1313
-1238
-1163
-1238
-1313
-1388
-1313
-1388
-1538
-1463
-1463
-1763
-1763
-1838
-1913
-1963
-2063
-2263
-2513
-2738
-2338
-2588
-2813
-3013
-3188
-3338
-3038
-3063
-3038
-3038
-2988
-2938
-2838
-3038
-3113
-3163
-3163
-3013
-3188
-3213
-3213
-3238
-3238
-3263
-3288
-3263
-3263
-3213
-3113
-2963
-3063
-3038
-3013
-2988
-2988
-3013
-3038
-3038
-3038
-3063
-2963
-2863
-2963
-2938
-2963
-2963
-2938
-2963
-2988
-2963
-2963
-2988
-3013
-3038
-3013
-2963
-2988
-2988
-2963
-2938
-2963
-2988
-3013
-3038
-3063
-3038
-3000
-3025
-3000
-3050
-3025
-3050
-3013
-2988
-3013
-2963
-3013
-2913
-2738
-2538
-2538
-2538
-2588
-2638
-2688
-2638
-2563
-2513
-2563
-2363
-2563
-2663
-2763
-2963
-2788
-2588
-2488
-2488
-2388
-2188
-2438
-2663
-2863
-2663
-2463
-2688
-2888
-3063
-3113
-3138
-3163
-3163
-3188
-3213
-3188
-3163
-3163
-3125
-3150
-3175
-3125
-3075
-3025
-3075
-2975
-3150
-3300
-3275
-3300
-3325
-3325
-3275
-3200
-3225
-3250
-3225
-3250
-3275
-3300
-3275
-3175
-3200
-3225
-3250
-3200
-3200
-3175
-3200
-3175
-3150
-3150
-3100
-3000
-3000
-2975
-2925
-2825
-2725
-2675
-2625
-2575
-2525
-2425
-2625
-2575
-2525
-2475
-2525
-2575
-2625
-2575
-2675
-2725
-2725
-2775
-2775
-2575
-2800
-2700
-2900
-2638
-2838
-3038
-3063
-3013
-2988
-3013
-2963
-3063
-2888
-2888
-2888
-2913
-2888
-2838
-2888
-2913
-2938
-2888
-2913
-2938
-2963
-2938
-2963
-2988
-3013
-2988
-2988
-3013
-2988
-2963
-2938
-2888
-2788
-2588
-2363
-1863
-1563
-1238
-1588
-1513
-1588
-1438
-1325
-1250
-1325
-1250
-1175
-1025
-725
-425
0
0
100
0
-200
-600
-1025
-650
-250
-700
-1100
-538
-538
-963
-888
-963
-1038
-1113
-963
-813
-1113
-363
87
-388
-813
-13
-13
-113
-213
-313
-413
-513
-713
-813
-1013
-638
-1013
-1388
-1313
-1388
-1463
-1538
-1538
-1463
-1350
-1275
-1125
-1425
-1100
-1475
-1800
-1800
-1725
-1650
-1650
-1725
-1575
-1875
-1950
-1850
-1775
-2075
-2075
-1975
-2025
-1975
-1775
-1975
-1975
-2250
-2000
-1588
-1913
-1963
-2063
-2113
-2163
-2063
-2063
-2113
-2063
-2013
-2063
-2113
-2063
-2113
-2213
-2263
-2213
-2263
-2463
-2263
-2513
-2738
-2938
-2900
-2875
-2825
-2875
-2925
-2950
-2900
-2925
-2900
-2925
-2950
-2925
-2950
-2950
-2975
-2950
-2975
-2950
-2925
-2900
-2925
-2950
-2925
-2950
-2975
-3000
-3025
-3025
-3000
-3000
-3025
-3050
-3100
-3050
-3000
-2950
-3050
-3225
-3075
-3075
-3250
-3100
-3450
-3575
-3450
-3475
-3450
-3475
-3500
-3525
-3550
-3575
-3600
-3575
-3550
-3600
-3550
-3650
-3700
-3725
-3725
-3688
-3713
-3738
-3713
-3713
-3738
-3713
-3738
-3763
-3688
-3638
-3588
-3638
-3613
-3575
-3550
-3575
-3525
-3625
-3375
-3400
-3450
-3650
-3750
-3650
-3750
-3650
-3550
-3675
-3775
-3675
-3675
-3700
-3750
-3775
-3738
-3688
-3663
-3688
-3688
-3663
-3688
-3713
-3713
-3738
-3688
-3713
-3763
-3713
-3813
-3713
-3513
-3613
-3363
-3513
-3638
-3538
-3413
-3438
-3463
-3425
-3450
-3425
-3400
-3425
-3388
-3413
-3413
-3388
-3438
-3400
-3425
-3425
-3425
-3375
-3350
-3375
-3375
-3475
-3500
-3525
-3500
-3525
-3550
-3525
-3550
-3525
-3550
-3550
-3525
-3500
-3550
-3575
-3625
-3650
-3625
-3650
-3675
-3700
-3725
-3700
-3675
-3700
-3650
-3600
-3500
-3625
-3600
-3575
-3625
-3525
-3338
-3488
-3513
-3538
-3513
-3513
-3538
-3513
-3538
-3563
-3613
-3663
-3763
-3788
-3813
-3713
-3813
-3713
-3613
-3738
-3838
-3938
-3838
-3938
-4038
-3963
-4038
-3963
-3888
-3788
-3888
-3888
-3688
-3788
-3888
-3788
-3638
-3738
-3738
-3738
-3438
-3638
-3538
-3438
-3538
-3638
-3838
-3738
-3838
-3938
-3938
-3838
-3938
-4038
-4113
-4038
-4188
-4113
-4188
-4263
-4338
-4413
-4488
-4563
-4488
-4488
-4563
-4638
-4488
-4638
-4713
-4638
-4488
-4563
-4638
-4713
-4788
-4788
-4863
-4938
-5013
-5063
-5013
-4963
-5063
-5013
-5063
-5163
-4963
-4763
-4563
-5213
-4963
-5238
-4988
-5263
-5513
-5513
-5563
-5513
-5513
-5413
-5363
-5313
-5313
-5263
-5313
-5413
-5613
-5563
-5613
-5563
-5513
-5413
-5213
-5463
-5688
-5688
-5788
-5588
-5250
-5475
-5525
-5575
-5625
-5425
-5425
-5375
-5300
-5250
-5200
-5250
-5200
-5150
-5100
-5000
-5050
-5100
-5150
-5050
-5000
-5050
-5100
-5050
-5100
-5200
-5000
-5275
-5375
-5275
-5075
-5475
-5925
-6125
-6300
-6300
-6150
-6325
-6475
-6600
-6625
-6625
-6600
-6625
-6600
-6575
-6575
-6600
-6550
-6650
-6775
-6875
-6775
-6725
-6750
-6775
-6775
-6750
-6700
-6725
-6750
-6775
-6750
-6775
-6750
-6750
-6775
-6775
-6875
-6975
-6875
-6725
-6825
-6725
-6925
-6825
-6725
-6625
-6525
-6625
-6625
-6475
-6475
-6175
-6025
-6125
-6025
-6125
-6025
-6125
-6225
-6125
-6025
-6125
-6225
-6125
-6225
-6225
-6325
-6225
-6125
-6025
-6125
-6225
-6325
-6125
-5925
-5525
-6050
-6525
-6375
-6475
-6375
-6375
-6175
-5975
-5975
-6100
-6000
-6100
-6200
-6100
-6100
-6000
-5900
-5775
-5650
-5775
-5588
-5713
-5588
-5713
-5713
-5838
-5713
-5838
-5713
-5838
-5713
-5588
-5463
-5588
-5713
-5838
-5713
-5588
-5338
-5088
-4963
-5113
-5238
-4988
-5113
-4988
-4738
-4588
-4588
-4438
-4138
-4288
-4138
-3988
-3838
-3938
-3863
-3938
-4013
-3938
-3825
-4025
-3825
-4225
-3875
-4225
-4575
-4575
-4500
-4650
-4500
-4200
-3850
-4225
-3525
-3100
-2650
-3100
-3200
-3100
-3200
-3300
-3400
-3500
-3400
-3500
-3400
-3300
-3200
-3100
-2950
-3050
-3150
-3250
-3150
-2950
-3350
-3250
-3350
-3250
-3350
-3250
-3150
-3250
-3350
-3450
-3050
-2900
-3000
-3100
-3200
-3400
-3500
-3500
-3600
-3700
-3800
-3800
-3900
-4100
-4025
-4100
-4250
-4175
-4250
-4175
-4250
-4250
-4400
-4250
-3950
-3650
-2850
-2138
-2388
-2638
-2888
-2738
-2613
-2488
-2363
-2488
-2613
-2488
-2238
-2113
-2363
-2363
-2488
-2613
-2613
-2488
-2613
-2738
-2488
-2988
-2513
-3038
-3513
-2663
-3163
-3263
-3063
-2963
-3063
-3163
-3263
-3063
-2963
-2763
-3163
-3613
-3213
-3113
-3313
-3213
-2813
-3213
-3663
-3763
-3863
-3663
-3263
-3463
-3563
-3463
-3563
-3463
-3313
-3413
-3313
-3113
-3213
-3013
-3213
-3113
-3113
-3213
-3113
-3213
-3313
-3213
-3113
-3013
-3113
-3013
-3113
-3013
-2913
-3013
-2913
-2813
-2688
-2813
-2625
-2500
-2375
-2375
-2875
-2975
-2775
-3025
-2925
-3025
-2625
-3025
-2313
-1213
-238
-338
-413
-263
-563
-913
-588
-238
562
1037
2087
2712
2087
1462
1462
1587
1462
1337
1212
1087
962
1087
962
837
712
462
12
-88
-188
112
312
-88
-888
-563
-913
-913
-763
-913
-988
-1063
-1138
-1213
-1138
-1063
-1138
-988
-1288
-1013
-1313
-1588
-1338
-1613
-1363
-1263
-1313
-1363
-1363
-1313
-1263
-1213
-1138
-988
-1288
-1563
-1813
-2038
-1938
-1938
-2038
-1638
-1888
-1663
-1163
-863
-538
-888
-1213
-1213
-1288
-1338
-1288
-1238
-1125
-1275
-1425
-1700
-1950
-2175
-1975
-1750
-1975
-2200
-2250
-2200
-2300
-2263
-2288
-2338
-2363
-2288
-2338
-2413
-2463
-2563
-2513
-2538
-2513
-2538
-2513
-2488
-2513
-2488
-2488
-2513
-2563
-2538
-2488
-2388
-2413
-2388
-2413
-2388
-2363
-2338
-2313
-2338
-2388
-2363
-2313
-2338
-2363
-2388
-2413
-2388
-2413
-2388
-2488
-2388
-2563
-2563
-2613
-2513
-2613
-2763
-2725
-2700
-2675
-2675
-2650
-2650
-2600
-2650
-2625
-2600
-2575
-2550
-2575
-2600
-2575
-2600
-2600
-2625
-2600
-2575
-2600
-2550
-2500
-2475
-2500
-2525
-2475
-2450
-2475
-2400
-2400
-2500
-2525
-2475
-2525
-2475
-2500
-2475
-2450
-2475
-2450
-2413
-2413
-2363
-2388
-2413
-2438
-2463
-2488
-2538
-2563
-2588
-2638
-2663
-2713
-2613
-2613
-2463
-2288
-2288
-2113
-2063
-2113
-2038
-1988
-2038
-1988
-1938
-1988
-2038
-1938
-1738
-1538
-1738
-1788
-1838
-1788
-1838
-1788
-1738
-1688
-1638
-1688
-1638
-1688
-1788
-1738
-1688
-1738
-1638
-1738
-1538
-1788
-1788
-1563
-1813
-2038
-1838
-1838
-1888
-1938
-1938
-1988
-1938
-1988
-2188
-2238
-2288
-2313
-2288
-2313
-2338
-2363
-2388
-2363
-2388
-2413
-2438
-2413
-2388
-2388
-2363
-2388
-2388
-2363
-2338
-2313
-2363
-2388
-2338
-2188
-1988
-1763
-1538
-1788
-2013
-1913
-1863
-1913
-1963
-2013
-1913
-1713
-1463
-1188
-1488
-938
-1263
-1538
-1588
-1538
-1588
-1688
-1888
-2113
-2313
-2138
-2338
-2163
-1963
-2188
-2188
-2238
-2188
-2138
-2088
-2138
-2088
-2038
-2038
-1838
-1613
-1863
-1638
-1688
-1788
-1488
-1213
-763
-1088
-1013
-1088
-1013
-938
-1013
-1088
-938
-1013
-713
-413
-788
-788
-1113
-1713
-1463
-1188
-1488
-1213
-1288
-1238
-1313
-1363
-1263
-1163
-1088
-1013
-938
-1013
-1163
-563
-488
-563
-488
-488
-563
-563
-413
-338
-413
-263
-263
-113
-213
-513
-588
-663
-738
-888
-588
-938
-1263
-713
-1063
-463
-538
-388
-688
-338
37
-388
-763
-1088
-788
-463
-838
-350
-725
-800
-725
-650
-725
-800
-875
-1025
-1025
-1325
-1050
-1350
-1075
-1150
-1000
-925
-1000
-1075
-1000
-1075
-1150
-1075
-925
-775
-775
-700
-700
-475
-325
-25
-425
-350
-350
-425
-313
-388
-238
-138
-138
-238
-438
-288
12
-288
87
512
987
-13
-413
-338
-188
-488
262
262
62
62
62
-138
-38
-138
-38
362
162
262
162
262
362
462
262
462
1262
1812
2412
1762
1612
1362
1237
1112
1112
1612
2187
1562
1562
987
862
612
512
412
212
612
1087
562
87
-338
37
675
200
-225
175
75
175
275
475
375
575
975
475
25
450
900
1400
300
200
300
200
400
400
600
1000
1400
1950
1350
1225
1350
1100
975
475
25
450
0
-400
-775
-775
-1100
-800
-1125
-1425
-1700
-1750
-1675
-1725
-1625
-1575
-1575
-1525
-1575
-1525
-1475
-1425
-1325
-1425
-1475
-1575
-1525
-1625
-1575
-1475
-1575
-1525
-1575
-1575
-1525
-1575
-1625
-1550
-1550
-1650
-1600
-1500
-1400
-1200
-600
100
525
1237
1362
1550
1425
1675
1925
2175
1925
2425
1775
1625
1500
1750
1625
1500
1625
1875
875
1875
2475
3125
3225
3125
3225
3225
3125
3025
2950
3025
3025
2950
3100
3025
3100
3025
3100
3025
2950
3100
3700
4150
3650
3650
3550
3450
3600
3700
3800
3700
3900
4100
4300
4300
4175
4300
4300
4175
4300
4175
4300
4175
4300
4175
4050
4250
4437
4312
4187
4437
3937
4887
4312
3812
3612
3812
3812
3912
3812
3912
4112
4312
4512
4812
4412
4412
4287
4162
4287
4537
4662
4537
4287
3787
3337
3737
4187
4687
5512
5662
5812
6112
6412
6312
6237
6162
6237
6312
6237
6387
6612
6462
6562
6462
6362
6362
6512
6662
6762
6662
6562
6462
6562
6762
7162
7637
7137
6687
7112
7212
7312
7112
7512
7012
7012
7462
7462
6962
7412
6912
6462
6862
6762
6662
6562
6662
6812
6712
6812
6712
6912
6812
6612
6212
5462
5387
5437
5362
5462
5537
5462
5387
5437
5287
5237
5437
5637
5712
5862
5712
5412
5712
5387
5112
5362
5612
5612
5012
5012
4762
4862
4862
4862
4912
4712
5012
5387
5937
6637
7437
7437
6937
6487
6487
6587
6687
6787
6887
6987
6787
6387
6762
6337
6712
7137
6687
6587
6587
6487
6587
6737
6537
6437
6337
6262
6187
6262
6412
6512
6412
6512
6612
6712
6612
6512
6412
6312
6462
6362
6437
6537
6437
6537
6437
6337
6262
6337
6262
6112
6187
6300
6375
6525
6225
6300
6450
6750
6325
6700
7075
7075
6625
6225
6300
6150
6262
6187
6112
6262
6112
5812
5487
5637
5712
5637
5487
5187
4912
4662
4437
4237
4262
4287
4262
4237
4287
4312
4287
4237
4262
4212
4187
4212
4237
4212
4262
4312
4362
4337
4362
4312
4287
4312
4312
4287
4387
4362
4387
4362
4337
4287
4237
4212
4187
4162
4137
4162
4137
4162
4212
4187
4137
4037
3887
3887
3912
3950
3975
3950
3925
3950
4000
4025
4000
3950
3975
4000
4025
4075
3975
3825
3700
3825
3700
3737
3762
3800
3825
3850
3900
3925
3875
3975
3825
3950
3800
4050
4025
4050
4075
4125
4150
4100
4000
3850
3825
3800
3825
3775
3750
3775
3800
3825
3800
3825
3800
3850
3825
3850
3825
3850
3825
3800
3850
3900
4000
4050
4000
4025
4050
4050
4025
4050
4075
4050
4025
4000
3950
3975
3925
3925
3925
4075
3925
3875
3875
3850
3900
3850
3875
3850
3875
3900
3937
3912
3937
3912
3887
3837
3812
3812
3812
3787
3837
3937
3787
3912
3912
3762
3637
3737
3737
3712
3712
3762
3862
3987
3987
3837
3962
4262
4087
4387
4562
4762
4812
4762
4712
4812
4612
4812
5150
4925
4675
4450
4650
4850
5050
5000
5050
5150
5350
5625
5625
5550
5700
6300
6675
6250
6625
6225
6150
6075
6000
5850
5925
5925
6000
6075
6075
6075
5925
6075
6150
6075
6150
6075
5925
6225
5925
6000
5925
5775
5925
5775
5175
5125
5125
5075
5175
5275
5075
5025
5075
5125
5175
5225
5175
5125
5175
5075
5125
5175
5125
5225
5025
4975
4975
5025
5100
5050
5000
5100
5150
5225
5225
5125
5325
5875
6525
6925
7375
6900
6800
6900
6800
6900
7000
7200
7000
7400
6925
7375
6900
7325
7225
7125
7025
7125
7525
8325
7750
7875
8000
8187
8312
8562
8712
8862
9012
9012
8862
8712
8562
8562
8862
8862
9462
9362
9437
9437
9437
9512
9412
9487
9637
9537
9437
9512
9412
9487
9387
9462
9362
9437
9362
9437
9362
9287
8987
8687
8387
8112
8162
8112
8062
7962
8162
7912
7862
7912
7912
7962
7912
7862
7812
7762
7812
7912
8112
8312
8112
8212
8162
8212
8162
8062
8012
7962
7962
7862
7912
7862
7762
7962
7462
7862
8087
8337
8062
8112
8162
8212
8312
8512
9112
8762
8762
9087
9087
9437
9512
9412
9562
9662
9812
9912
9812
9912
10012
10212
10012
9612
10012
9912
10012
10112
10212
10112
10012
10212
10112
10212
10112
10012
10112
10212
10312
10412
10312
10412
10512
10637
10825
10575
10700
11450
10950
10425
10900
10775
10900
11025
10775
10650
11025
11275
11025
10900
10650
10525
10525
10650
10775
10525
10775
10275
9800
10225
9750
9325
9400
9250
9175
9287
9362
9362
9437
9512
9412
9487
9587
9687
9787
9687
9887
10487
10887
11687
11287
11162
11037
10787
10537
11037
10487
11237
10737
10612
10487
10362
10262
10362
10462
10587
10712
10837
10962
10837
11087
10962
10837
10712
10962
11212
10712
10837
10712
10587
10775
10650
10525
10400
10300
10200
10100
10200
10000
10400
10500
10625
10750
10875
11000
10750
10625
10500
10375
10475
10275
10425
10525
10525
10400
10500
10625
10500
10250
9775
9775
9775
9350
9725
9350
9500
9650
9750
9650
9550
9650
9550
9650
9750
9650
9450
9075
8725
8575
8500
8650
8500
8425
8375
8325
8375
8275
8275
8175
8475
8275
8225
8325
8275
8225
8175
8125
8075
8025
7975
7925
7875
7825
7875
7825
7875
7925
7875
7775
7850
7900
7900
7800
7750
7900
7800
8000
8050
8000
7950
8050
8150
8250
8050
8050
7950
7900
7950
7950
8000
7900
7850
7800
7850
7950
7850
7800
7850
7900
7900
7850
7950
7900
7850
7900
7850
7925
7875
7825
7725
7675
7625
7725
7825
8025
8075
8325
8475
8675
8975
9325
9700
9700
9300
9675
9875
9675
9275
8525
8825
8500
8800
8475
8175
7925
8150
8250
8300
8300
8250
8150
7950
7950
8175
7925
7700
7500
7300
7250
7200
7350
7450
7450
7475
7525
7475
7425
7400
7400
7425
7475
7425
7450
7425
7450
7400
7425
7475
7525
7625
8025
8275
